Maximum Sample Rate Table

          ADC clock kHz 
       125   250   500  1000
pins        
1     7692 14286 25000 40000
2     3810  6667 11111 16667
3     2572  4790  8421 13559
4     1942  3636  6452 10526
5     1559  2930  5229  8602
6     1303  2454  4396  7273
7     1119  2111  3791  6299
8      980  1852  3333  5556
9      872  1649  2974  4969
10     786  1487  2685  4494
11     715  1354  2446  4103
12     656  1242  2247  3774
13     606  1148  2078  3493
14     563  1067  1932  3252
15     525   996  1806  3042
16     493   935  1695  2857
